196053453
1420461549
1953418233
18807282
1240386670
1552089090
1432268218
1460331560
684823212
2123329441
1404275351
1852013337
1964978217
606094771
1253142609
323254856
848552722
1803129173
1044912655
1139250905
572324946
399418116
1980906617
640518868
881611661
1539398751
804961805
254078189
109487057
1818198842
1667860281
1431894191
664535850
2000346974
1837378657
1897449244
279024359
2088614430
1379403822
1984895064
1100067608
2089153953
1976108763
687498439
2012310751
288176027
1931963130
1221102667
53035216
1295683743
1803870228
710835974
1550808958
2143231757
349129313
462988757
594612465
2053174716
1390747325
131714070
1386689892
214404330
2145512282
1493443496
1406095447
1466034692
1920782548
604399431
1942990053
785109538
1981154451
1672917762
2028834568
1151860965
1193550457
1477566497
460924714
810040531
788398252
1156859865
1296971846
600180133
2004328660
1137537110
290448659
2058283004
451256903
1536695060
2090836504
1209293214
576630571
2028827496
445027828
34188039
561877278
197961345
1671230435
2040264480
2013889618
1682560624
974596277
1665771609
1822836521
834486336
729309506
96530533
139276097
1697277405
500645067
1039545805
9884304
1656536014
403420300
181318117
2082416193
1658752324
1198628018
1935283740
834926391
1895566547
1997141214
879883191
914275774
979456598
1050696860
2050641205
846531350
1495538345
1931703892
461638395
1147882310
1258032759
1086229589
583478371
1398793010
869503524
972310554
1188816419
2086615346
1850523304
1050798261
1370580669
778726324
1929116033
1911119462
1411584058
443700775
1331482643
665659519
1517120129
853767828
1943364763
222904491
1628966309
1648667175
694673729
685446204
299440722
1528815722
1037072132
1795389117
1425005538
291123019
2147298956
467499410
1950332798
805194703
388203398
763078989
120817238
2933060
1527236333
927544749
718556836
375189384
1247705752
1833200003
872346514
844641788
558756186
1698597702
108119616
162690085
1351199264
1218458178
760282919
404110119
57640326
1419711245
1730257958
119125842
433489025
616632115
757726448
1870840636
1600653295
575662521
523482052
1255182614
209953512
789871262
1465350875
878361446
1083266278
1640118960
1207958369
34556839
1788247047
2134393083
1944577759
808857772
1819618272
139302498
233799214
1344663147
1387836616
742984924
1458862040
1666307449
904648058
1054582183
1834082222
571248082
801818323
1401581157
53208996
1490083183
545252543
44573849
1322533474
836938589
1830059399
1645744589
1520595770
825577346
1635368165
1408469269
399125106
865857874
692428305
1372439342
1893656752
680423215
2020246175
1562752611
604197361
233967350
307421584
1776612881
1576387720
407490377
1073816130
793735532
91518011
584598824
1683401802
125094720
1769131327
1213087771
1859009808
287189386
35834661
1833142164
695346601
907197731
350964986
1697251938
1533479091
1177108337
576913583
794326134
1240368925
1595190336
1067793038
1929169335
1803659876
1419656283
936754772
1014504366
815962774
1672330671
824888869
1933328967
74064392
751396113
407021628
857466626
1352282931
2076776483
678347051
1084343272
830108751
1849825565
298787902
358110041
841332337
414703354
835030725
518999482
573266469
1370794687
1659342356
504868805
294827010
678340579
781327687
1359181028
728973215
864522281
44089746
308350093
1127287533
1011974139
86967413
2130132167
1340259168
2035722744
1635121326
1322405305
54559514
309890127
234407200
1505176886
1010342397
115141743
1990239984
1028372502
2142486618
142924297
2081393804
563456791
1281696837
577453886
1442060156
1997197379
2106635268
772112848
323881532
387516505
1078951147
1471473410
77404609
885484141
1450729072
1218883248
1307271388
2112134675
809864776
365552849
1077021043
1867187544
1775697061
536024589
8264134
1541403721
335268713
1761560925
1952768246
1928461195
170376051
950394447
2094075359
1281029653
842747156
572592338
435013340
1785681135
21751517
2136227948
1353113879
6624331
248028068
814438019
2064046879
728800164
1006726001
783958956
2100331979
822369261
1632836643
612122155
645467389
1551693316
495809353
1195008837
787780110
928145578
1854469124
104484456
1980310713
561185831
1864168503
308176905
432957219
1419820272
1248581857
1296509628
703112064
1404014361
1360951672
1208205013
1569443992
712688141
115652001
1397178471
1898512479
923024045
1461736835
1747157476
824379598
1904558553
1295110625
1092998594
1823549942
86166920
731694373
316204809
1148882422
2074135829
842331948
729743559
145249701
50901523
694525582
333602950
2013616702
1489941773
1445790627
2080204705
575504670
1594684065
1528711136
1613423173
144039601
122917882
832580732
1603238032
1053874818
1743008019
1548783665
175087060
752091503
885363596
514484370
538370857
57943897
2107758543
674054860
990562525
1828407325
76905049
1709431047
342208831
1145450386
850863455
1531604811
1486207227
804361131
300567597
70720683
1741194193
1627528113
138778887
211383818
152462922
1975229801
1279525805
1562340234
1689823136
1025661619
1721452852
659595294
1134918715
1235358098
1181920041
1394241892
1595710996
715992484
457621506
1275075892
365978431
944729550
1588826291
1354617283
1081325351
1529410751
1844743023
1234848718
98975372
2026912052
922926554
1291428779
1839734473
481935241
1122201282
2014536538
877812922
208801459
632010066
1707668731
516830659
914275472
1434317231
648720888
1710080422
1830499318
1179826376
1144928760
1517303337
1686948228
591847791
2110958167
1056562084
275350741
929888682
2106982591
1114478771
1676238896
329658018
130469561
1951477089
929450849
1285823739
445678608
1008761955
1823922436
557003890
1401704743
578392299
855292699
233822578
1310261360
1763491721
773447429
1213593522
667402827
1213797405
1167256818
431479811
1348607940
941552546
822154661
601494176
1125208946
1910317743
1124480668
547308617
730109765
2032774217
818093162
636019479
1348541308
1506979305
1516765261
349741342
1361909192
1354959320
1389896191
779031719
1431063764
641092776
328496568
1968213053
1272810473
514970331
1841641585
1561668676
1359348482
1124384521
925961039
1755731226
1261994444
396956693
2109597155
468836526
974609512
2088282940
661257939
1600067103
2061283867
507670862
3536256
1249360600
26271156
2076999659
1935973231
361635664
45763413
81267117
1945965884
1360572929
2066534969
1854005187
791102036
212585340
1070103486
346501394
432649142
268493246
811252372
1223896212
1004307273
1760957099
1165626977
40654129
340727898
719601419
327797979
1508965571
476157297
1257664527
1214845482
616239711
851098712
495546433
1143756449
737680124
1228847329
1885615361
1042392780
279763312
1838842406
1803803748
431986803
1973767312
100311961
1250799561
23414535
1403470061
332348087
571348621
764334048
483514726
529428756
1300638160
929012300
2124714994
1243594817
998655911
1150885653
1006678073
738851620
1695161810
177263990
2039279089
1991504015
2134886722
33726255
1859762540
1353427496
1972178146
1981359268
1332482417
99106705
1950464322
1827028774
1060088169
455611086
1278487004
1059691588
1243965082
179162260
236547060
1513825468
417990160
759596143
354589489
1908646666
661738668
273209141
202819463
159013138
1764930214
1177088626
1662508653
981065780
2073792498
987282471
120003759
1884603521
553722166
824815836
89073403
374829996
1317961886
1055364608
1692884074
1540757222
169779967
1832853211
1669083288
1587359585
191443026
1328050617
1406273485
1850181915
1223490983
141462963
2118823918
837373075
417187595
436579744
2131133427
280435955
766559243
410347087
842668655
1050384685
1474028549
335087100
2114918993
1782220169
791997046
58260852
531099341
1500651044
1108918852
1642394690
1839883528
161056899
630868765
1842665026
1163695605
1518285519
1117546445
1083078877
2128039990
662913595
1493621724
1923807795
2145765356
1902704540
486798416
1452244774
657658498
920398980
949287243
959839154
1444992593
422715016
1823557217
1434609302
1465006138
1330910008
688793412
878321004
869709119
1065250903
1873162410
270160022
1072978371
373519704
1050191842
1718361674
503485638
1074874542
1286568099
1791392077
1258912385
228620082
849418177
1002168570
1054902970
1465312850
1867092396
691337815
277317986
1431512474
1987414690
1417517452
576516133
799566622
395108849
1494777309
784816712
567227822
1167411658
1361441083
102821128
337107324
1374491999
2093416554
841631578
1036140590
1470864364
231215042
488710391
731736319
1717248382
773039765
62609592
1451982842
876596099
542030646
2130176684
964342537
1614981178
1977080266
432823283
1965265216
1921968574
6811807
447271114
7171996
99043301
1418538479
79206010
388004194
1247542234
1897580794
1676968230
1252757699
1485530372
727940960
1831257902
1416957479
890558228
1534818838
1112748762
236668726
941024733
1609020985
1958142950
459339497
966106822
1448856919
1795112475
1433102079
710001797
818303985
1325696847
1252171294
801928011
1114805245
1201933237
675826834
2002761141
713035235
289453204
1982025177
935728830
444509516
858077060
475645468
1098737357
1421349019
329132433
456572111
560228559
329964513
1610438643
863552418
1632849149
699799057
1682628077
146657328
765928357
1213898752
884625356
1480119824
302591960
247364411
1397203882
1494083381
270557224
91646205
1697216827
1425334385
1154244939
1721221943
1804478816
1603691175
1761845280
656033730
2034098726
564410857
2033717777
1985486525
1055031480
1704541369
236397819
919896737
101058788
1500573213
1713590906
669535630
1213087941
186942987
288415318
1445390986
163368716
1680154850
272339851
611904212
700878304
128079175
2072028625
1687703526
1657944955
973358643
994928384
109994388
97022022
1047770830
436253988
17436706
1862286912
1521750122
1282185468
1391041685
685539624
1475398447
1735195238
1847263094
2059193364
1312395442
92411507
1938585481
549333329
1920661120
19566371
880618375
2068538667
1066081271
471667712
868051153
1495009022
852604182
1779628272
695963389
1767053451
688666882
387914601
1371706043
1414207145
662573183
600506157
243665168
2062511375
903476540
1355145057
2119551895
1642099588
2067315812
1639816968
799538729
1532199278
374540099
74709968
575356375
1108610507
984605969
1783601577
891479318
248436136
1201477099
1855690266
897156013
706231317
1137943677
527739564
2112894047
1038048508
1989104447
59756941
1872788959
1713510652
477078677
2092963826
282921260
1659217749
2142399166
673084098
752482140
464535118
1401129817
469504646
258280058
91173592
877162145
437432069
1109916888
12042302
240312939
771246935
1517708923
830739475
1724618935
1431755191
238169560
325536831
2109734638
1658330355
1258777549
189825238
2145652118
1918190639
1746783824
1449778006
1453997920
437031163
2033820811
1589589195
1254467396
428544901
193759427
224724311
635601849
1387625230
828610034
175175926
2110940774
1065750864
1254833554
162933709
365411638
1113098575
219956666
1765011759
1665329161
1461641732
1725472154
27749636
1809166899
620433977
1416468596
784146705
735373649
884111266
2086285832
1471165006
474991680
197026469
1405282720
287660307
794679513
74678284
1942110640
1485814255
1870509986
1533904842
524252882
12330212
889372415
1647901955
730378084
251177288
2101922006
649729106
717017533
1171692182
1753850094
1421585322
1067137975
1613873057
340141223
481458244
1888268671
772929885
445327658
2082728595
1768206002
489349376
142384509
1805608173
112081426
2085221920
397450227
149527149
1882028979
2013743981
476546086
136132227
859476584
818819596
1433984415
1837951754
68260789
1631833572
1647171337
97894184
301238957
273149955
2101604877
940070072
675281702
1459877303
1578179832
23909098
1724090583
575010050
1355875076
736421638
588571840
1780573126
519529806
163257798
951540972
1978243088
521788756
310893347
299128308
50965179
1292911676
1148387326
2038223968
463530913
925273392
1233586891
1053874752
843614276
1116344975
296076158
1076291095
1486388880
459634322
1774092701
2128976134
533436149
992254940
1556502700
1484570989
311881324
878683008
73720311
734137763
610470854
573751500
296265288
958289342
1605992008
1610314404
39342246
1620699079
857420472
493314296
1258809353
1151374886
1749518187
154419080
1091206300
633218676
1001521844
20019649
1997306805
1243507318
1209275250
1266402312
238870178
360322173
1331959152
851063529
655025324
1345420052
783225247
334036019
145677417
1299128820
1901764238
1928860597
263901071
2046716467
1102200933
1733306490
769041674
519277018
1021476972
1100974239
515986975
2118142109
1100234495
69875016
108232854
1696981447
617741880
1222076845
946508950
668982350
183720930
613435049
1721369564
823810957
422514311
831728079
951794902
115707708
2107382565
1311646307
2134728618
1088070718
1930512890
834320550
834581277
1076346983
358612795
2022562330
79051156
116410650
1715115915
370093848
670430865
753766687
747438634
524149792
632452822
1455790621
1978556007
831089067
128975530
1982930959
948270243
1586689346
1397805266
610150468
331331063
832323762
1669014761
1473949050
1165514812
734304938
831659851
526895463
1714133569
2072283466
1138244738
457078956
1066443791
1636371983
2084944369
962632485
1146310395
1067854709
618811438
480939165
1912434883
494339010
1338971875
207739457
1634986073
1188435834
460768842
832710438
1558450585
323750158
375754535
331892406
1580848285
1128467940
943023058
118630620
1778423561
2141082664
1144580481
940685661
1754047993
372474986
1054596956
679320170
795658142
377431513
1995330516
2038504957
916406166
246888835
1928940342
643885689
1759449958
1725214507
2088299158
1555529891
109594476
1705642985
2020711520
1010661172
262684864
1596109187
261396392
1040400905
540433481
2084690439
1634294862
1538988202
201007722
37370734
642692951
1341479296
1236615705
37295083
1177519769
1810843351
1407863398
1694613397
1901935739
696201716
1461925042
528550663
1293663171
1622175474
1751629496
234324280
773395172
1907106817
1491244787
2079618638
711483939
1065841639
1569851357
596668842
1222623558
1081426567
1298858123
1744496532
71390897
1357646062
417647438
1862080557
777467723
724496584
1850973603
585780813
1509988207
356428510
827192536
1646782973
540865347
872456201
1585384738
1008321811
395210893
1241619369
1481753099
1012118957
87007534
1134113028
264129547
688872469
1330877130
434859610
910847942
1812829462
1258841670
463839635
524181586
1756812488
1884625560
717775110
556134808
1563425189
1935059902
1088657299
1012703795
1170201450
1036756969
1959618376
598115599
1863333931
1778472122
140440665
1243441985
1043709642
1162361453
1778479902
1510159632
1147125213
1598653766
358200476
328110585
1623951568
1759693311
401078180
162883174
923571345
892267281
1054714653
729103876
1925977439
1268669961
1897310646
1657053412
816801511
1866437067
891345273
81018678
1323540684
1347376497
1003238509
453814928
674232244
1750499510
564694723
2022151563
497773705
1837659982
196585380
917037933
1123114368
1989485409
301257786
1109003429
1747511250
1545431894
180214704
357889272
1614012662
937640431
2114792820
836399637
70179895
1578369139
2092159035
1294172591
963381814
1538087618
1504421958
109118341
1574016533
2079685606
401658959
2128448500
1433797375
307556865
843518681
2075028111
1885522058
1827987904
1808496424
618968174
28737675
1901148280
1419979246
1142089409
2108877847
1559710768
1330499751
1850040298
2085246724
897133280
332718817
1636111230
643703834
214944871
837299750
568875542
232418509
480159117
2104488447
1700851001
1130305838
1234047133
2046745892
23401988
695086977
540250957
238637252
87721917
1860064719
2093077501
477673755
960477556
116588285
58136651
270953138
1055477131
1496980698
84755318
149948314
1984627485
758502481
83821737
1922732157
1484248611
1763765977
726490902
612008687
501019420
466090842
1400520096
648960221
1989979976
1771914448
2101358137
117024600
269743490
891767919
974296793
1738280990
2047953561
1686508827
260705487
156212314
685918418
1941011772
1088141920
1175858954
830335526
1334295974
1942275610
1373447724
542913078
415104616
538442541
1698522586
498697548
271542195
1715472371
1302448957
1656638238
433529183
1835711431
301508963
907662565
2091851783
16463165
1982454250
1769844688
1391945837
578098967
1287736925
318599
1183932434
1524190272
1968476012
687109319
35974304
841792715
1048372719
595179769
993388218
652102538
2035364514
96160413
1514275801
976825407
1975498460
2095689151
754652980
1562276322
1961403153
1364152262
516830655
1363627351
1166889577
677659835
181498880
553600832
2138828977
1738881970
1922487220
1805355436
1937946686
2103500858
1842930027
62864819
1887707473
1334264053
233718692
1152947048
79100527
168261134
1078557980
1373149765
12438129
1783253000
1280406466
20451981
2040067853
1144255533
1111643912
1818008681
1626901021
953148691
244075657
578753295
1863614077
1774798117
563343442
290513297
14756020
995995188
1076509228
1520699141
154083398
1908070373
1218872844
249659971
44102314
394864009
1940565768
1703622113
782939229
1733110972
1478074514
574346090
1690338106
1870417775
148983102
1051714308
1967742315
1837265872
1711309251
623317267
46621966
145976349
6079165
630011545
1962978239
1636609266
1805275220
1014538522
1751211590
1069710338
965634870
1756187646
1691593164
1193323538
1898157259
726741691
38547709
549679333
462656211
741715172
1878765760
395600157
1835764328
1354508554
1647414621
551315730
2001119605
1410890707
1690702801
1130011984
710990175
1549194066
2093221416
1954281708
1293896644
917753292
1063039362
1788098638
987026136
539896796
534276324
1740192839
951638609
1022426366
860202113
1294174957
1868689519
585179362
1196799116
2016449296
2111311959
1573091406
1188195829
1971357846
560690201
2145503051
711447825
330131027
1973817873
1493396827
783700216
665524581
1418161802
2065553150
1505766699
429008434
214473890
63879817
81904368
402671646
1584403753
441117659
1528532855
1587714898
1769840040
1008843001
607577730
2103805594
616638248
1762390886
612126882
1153138935
700997752
756170641
1304739
545075215
1183374933
66309434
1781771899
1084369333
94444534
2052750380
2112113542
1393553125
47666565
207818835
1431580371
814787797
495296563
355888102
2080685397
761482102
1413576697
501560583
764227055
1996202937
871382159
1299393797
60389245
1952404842
1073461472
1554603716
383949645
1891696117
1148405487
1661048052
206771616
1074724013
1549899877
218440751
754459551
1807255333
1941791651
1822662968
465902924
694009317
2097394554
1369120209
2061953049
480287843
862270511
1479929081
1030017096
2140419033
266945773
1259583636
2066228025
2136967903
1201198558
1948005435
2140870898
1050888181
1665821873
1650107044
1157816453
615141168
608803117
1458301482
146787323
1343294706
526056674
2020964146
1200936436
1042502451
1724055384
127602792
2118375195
527036738
1783949090
1019798849
1072830338
1756971235
213673382
972774239
812002757
176209484
1940066449
1816998470
587090567
72107985
1861660843
537759193
1096116051
420850773
1669209571
1201831679
504927002
405451379
566876911
2075294318
798801792
1096167181
1495728277
1424414269
939768365
172973325
1637932901
674303746
189622668
1986568020
1624109603
598202406
475939739
1877754923
2076750318
630773220
1146523990
1230912629
40166576
228602541
199157584
1049041143
1227617489
975193571
615784432
1491594986
1632163015
1352159722
462071054
1963174871
1454615782
1307453856
242915083
1984452347
1261311893
1905535969
210551070
516110111
790726741
2013567035
1218968351
447412454
427681190
915694188
667000287
299522525
2038885667
1053464505
964581250
1444457806
2074790520
76968735
1559577771
1337522894
2012070303
2052214340
1287410871
977926448
970542396
240629610
3440935
1955864880
265896460
319585588
1644958515
349888757
703342447
934177597
50684394
921963959
1534050510
1049812715
91852684
960138982
1783712939
735577065
1339754098
1616614683
2078035036
532603990
1620448755
1269334413
1012359581
230406879
960956330
1445626628
1475497364
64697509
2126165420
640890128
98736372
1004942568
1789720556
1211038846
187178737
583637701
2059500191
1576671849
1686851214
796121508
527470127
1550291261
1591089304
455509003
1076520747
1826154813
1032355198
482471711
974134788
1523482805
278795289
729569411
1044038780
1653685975
1569389817
628003383
1094422846
1170028763
1868486331
1225188754
1260172413
692257032
950494615
1969033117
1455379009
510430398
211649827
1721347966
1082733953
1968118881
1113877253
1129359009
1447011346
123283787
900946688
801773811
1204135570
2000173473
1704955801
295128472
1945607694
620105642
769156715
972245387
272411807
673996709
386949393
1383424688
1395159740
2120530228
1934511030
261013576
2027022175
1474407001
2106241739
1593756399
2133605680
766407656
3316687
610793676
1567052707
1116194953
1825605589
2009200691
1181753714
1482000152
268349939
511404955
1020109063
304504907
444917326
1485030159
2087267971
665299977
1125886792
1305894215
1889366652
688852320
45991441
153488163
953838917
1487012502
769773833
1527084655
2115822918
1723863135
1073419555
1413974814
229702620
1345732089
648087726
1702329161
379915615
214623920
297830703
1817352544
1467474748
1598838708
1217053299
408932707
801196874
1766575764
368473448
280583723
373635722
1493733204
2076926864
2112292615
454458081
1722784064
1690398712
1226090162
243339088
978726945
1073075047
2117128069
837455091
1747361673
1730869795
1955133018
1299145156
1649121930
978433249
811467797
159794110
1867025464
2121618254
328724855
801599631
527417819
307077831
357881902
481152294
1924519633
818062795
957271961
1949648904
1347745798
211320009
1395402853
804045468
276001551
1360271598
256933685
2028789834
920179001
63170876
1539554453
405556330
1636539943
1380979266
226200596
292124670
78299054
848913917
901053270
801427186
1980722267
243824463
1105046047
75206741
448045284
1506317402
1200862267
402587016
136695710
1516920129
1336113270
1518487778
211687535
1121809801
1349336632
940958410
1385888349
539906989
226446816
250677068
444074192
1825036939
7196259
498625988
1027700563
681530271
1639522973
340835291
1646514873
1676782866
892971508
1408147558
803707614
901652869
2147312609
331345057
643862657
7322477
1555052391
1010506329
36433889
670758483
319762321
422160892
606412984
675856676
299042992
255117694
761915486
1688939920
2026846583
105295633
469334846
924947060
609356422
170397817
1270672973
913824041
941350396
932817880
1310045311
78169425
1183887900
41721786
1849266881
1601410879
1178766507
160421880
325085957
1110405759
1340852946
2020859540
2012836006
1160737979
478533409
1916800811
552830093
1695667387
1721246792
1304164597
717956908
1994388027
1359626426
1521722704
1674700751
1033594848
1539012563
2026509426
1388271231
754487772
339976454
578852495
942632130
300576992
1074789863
237038784
321197851
1655288945
2138853549
679415649
1765081437
797806739
1163390714
1936124647
1829230665
1268216934
518616902
615138910
2027389126
665913471
602530675
181255697
1120235284
1389168223
451216403
1010385881
1752014064
627976342
515344423
160675625
1452749826
601078312
1110064246
1209181424
1019722208
1332615246
2140937799
2054034179
573614348
1045256642
1309747817
973558149
1979871820
796534235
1916908248
1330181377
1775184373
1310203337
2021214296
248918073
1308485120
1688626664
1888665822
2088186523
734795159
28808680
1835727982
1763315793
171616960
551633463
538744161
484894997
1031619077
1062684802
959438781
689702142
1078021438
2022717825
986316862
936961453
1008008795
1071263490
2079377963
112729186
691171559
653083587
1906764073
1024432199
2023487076
728867797
1755395058
1519526517
1750266685
1530751531
1154361333
1216154555
1441135916
1658171262
1867786421
1961320754
914564642
2086374707
1328565180
849980553
513994039
140101876
1834882850
1210199186
1396063409
1958336361
670867097
290427430
967621894
1879587143
546707252
474382313
494147363
1313734896
802162197
1006848778
777200549
1076026344
1597067030
1776267973
1590094065
1397730400
138187494
742255396
1828997334
461352036
912445621
1333910754
1851101068
706383753
1803039545
1180351925
2101138788
556149388
1103811100
73357770
1082890934
843774765
1775411833
1174049966
976841698
1597228061
136176878
1880675596
227830163
58848042
1676059520
1512750771
99561648
1066739800
1963172120
551287144
1124811945
750111055
1559127899
304124928
522542200
1216778865
810626397
775580233
1053449674
1399299025
488683667
1961044367
1566458169
2075245065
688193894
267883826
978496517
15001879
982196164
253556890
1309041043
1163406284
1822904176
1791105293
194263383
1479843275
762858580
210659036
1516940807
2047784991
702314459
1957432494
447138888
1880561981
645724926
742150238
889527564
2089562111
569422872
1199121076
462522736
970733101
1773646003
973211281
158388636
956230672
57497007
1189646658
1728278681
94359503
878707944
681176368
969298272
1100002341
1859986872
1842231099
1872437182
1894245004
378854749
2051711318
1626887072
366297835
2127840997
542297866
1796244201
1810665476
554050143
1598248920
1853235198
422496346
293878032
729860925
2133440262
574166939
407923759
1301973862
243114843
1517659519
881087603
632712734
1857987058
1593477142
224825085
1271035973
1644999082
1744741842
187522982
1973562588
1205748177
345745936
1226635992
1751730594
1097782048
1045864804
2024557139
1755316456
1534408387
1051123420
752774767
1432932661
1063716245
625129195
1985588507
1183018720
1963836446
1888177294
1317921589
1394790322
726755809
2040042225
1968487016
1980080964
1750188935
734363163
1796442754
1764771864
1911332850
1214645172
649018191
1727844638
1431664873
1206410300
936933777
299940604
237362136
1279980763
912988136
1304524012
2003379807
396181935
433890067
874645729
1082211173
333031918
1995573898
89390491
1697847237
806448118
1370838900
527902285
469745082
2026283957
544667159
1080667214
1771084896
2094698724
2112138056
2005677500
532405970
1619934799
811815483
820844684
1985450540
497653262
2117358344
633749816
991161428
1602390019
1173388655
580679054
1322939483
1413880251
527280070
1647518901
1595797358
509796474
921305349
478750500
1355591314
1962800036
176417880
360567578
316679014
943597980
1644357654
2065144491
779469502
918409053
534010248
771808633
937135039
1934542574
1015971579
1141093532
383532070
500723312
1135570335
438817609
994098795
107680385
1379371762
1503572723
107986543
1526244412
234717781
1542050143
76589923
1229067570
1587984278
1092037553
1197354597
997114741
1061954521
1331854708
2771520
576018937
1243184644
1352527914
744368772
1187309090
820911179
1485092610
353531871
2144290568
952687546
1275797354
698586572
300291775
778405879
702832144
1037959836
940785198
414589458
1396057095
1858422299
767029922
1336619145
942940905
1829488663
914026629
192966127
1672770182
1642071833
859383460
292662415
2063289797
52244482
1087974400
1074296500
1469093993
1335610202
1146544092
1724044999
327701328
2009016206
721833047
356407533
2034025703
1029196094
23257459
821027387
893728682
806456573
698640098
208770424
647468687
40538082
321187406
1210657278
463878875
663947124
79803753
308359590
224633181
610782282
1305631772
1476992092
789716185
317213023
1677410557
1428283425
1133438063
1191564128
139810876
9509492
153545479
1561780103
2105745671
1910980269
1295798065
834280222
55152005
212837364
396555876
1332116252
1053736323
2051573800
54084874
5290731
1881606450
2072434018
698446865
1176366352
392206115
948606616
408662260
418612041
1566874678
981926920
252918155
972376896
902698879
2024788545
2106638262
638863335
2001928063
1626875109
469117198
1603551062
1930229144
1378075430
700284384
1845865492
2052413805
2124477403
707327227
595322398
1693723788
54946134
1950480111
1743398895
174322572
1980645368
954241038
1075506144
1845643161
1159366396
2143632813
780392467
1889229649
441847155
545452507
547425455
877574691
696558129
1140144898
1167998224
702136252
1282961707
2114832640
1841325113
1657738249
1880060656
359048682
694899582
346639852
2025873011
86045938
1241453643
1442144451
499567643
2111996140
217960298
1826653573
1330087937
1525964428
2036521050
321197314
61552222
642236822
1204650247
383214141
496793227
633341443
1609206359
1955895351
1425925680
944035712
1820926929
1703455099
831769732
116701328
2123912836
164474942
1060384393
227540032
830831626
2061409672
989308861
743397264
855593079
947554131
1657121601
1403581307
1736487952
2092238372
1457723955
1567626425
491188489
599426337
1171289962
119263856
1436563805
951295098
45332502
1388877407
889293366
2082763345
1427242083
643488524
1264903095
850495884
1763549387
1870193032
1050040422
1014836394
503971810
621901505
1390379157
1696103240
589977828
1730419931
1499856349
1797473861
1532744821
109922338
250404920
596086792
1743143332
953180532
576715780
1417456892
1142377155
950992578
1564650447
1688977720
2027891658
2001184244
1699445680
1785781595
354390133
1538886689
218546545
462379724
1210036082
941510385
2033951049
259821645
562220641
1728542043
1605905928
67505031
2047059731
1053050500
1881721048
168446324
2110358653
1831304089
2093269894
89447031
1510859100
104919193
194083166
797309119
1970083281
49756324
185168611
1686831194
968150055
871572434
1887720017
1514624516
782107909
1294322136
1918469541
498253290
1083956936
2094701986
965345167
1449938513
426166850
1300252736
1433547604
1643254246
1861043412
2041329581
1151763762
778885493
101641933
1455462062
212567861
634432298
96101663
1120360552
430677028
1333099000
1462361891
1550155879
1517773598
375263193
170438614
1880242833
323799261
316207829
468105919
1754881599
728458930
881278894
2114817472
1677010839
1183191582
1904819585
1480328976
2104834245
711027742
98256551
1311147857
1740224080
1511988445
759359892
546839065
2090200213
1618287432
1877303129
1500154262
1676427815
63449700
777287364
1830297689
1329293924
592481581
1066936885
1853516435
829993002
1886847703
593275702
722858378
898984420
2014746832
76179442
1363575428
1150071351
1988718026
1286810154
1299954982
2116910916
1961179471
1968432655
523433903
1327464093
221508384
274447456
1781095688
1126451965
2080307776
1406087765
1319307996
1091381917
548554149
598744792
315411462
605386026
1494937891
820306245
111933462
249683661
942044512
2003874968
987683110
437681304
2096809114
1125247411
1080325588
70012363
744773425
2028629471
589652914
1332336915
2091307649
679227021
1462830922
388800260
1881301856
1643561605
727268584
1360388747
1898112721
843775535
585054748
637205660
1962246436
633795344
457090658
1986153831
2098202899
1239030322
75138043
1043072871
15251589
2049511376
1287873756
1777013427
1027247776
49873244
902546607
1822371360
511007996
2104902057
495629109
331017185
2135915963
387483889
1134764294
1606869548
836316840
1223895790
304239324
1033750690
1150003094
975364992
1113854209
682910994
652528992
606752630
1171158098
291737887
1460945808
1566598819
260610680
876902220
1694457496
25430200
625571703
9194856
756162541
1388502503
1899557645
23795919
1011011200
1831389640
543519268
1410736029
1554903386
1828854383
245975798
350167268
1004170274
204153910
1766788227
1619491945
753383875
216940874
953042491
626480913
1015131337
691503633
116702113
603633656
1255825010
1503423591
1957501882
405940857
34586033
1246091614
1340008755
1595321040
1783872299
254113740
1756314061
1540546113
1832158192
1918661941
1381291925
458962546
933758133
1919697841
1518500404
766045089
598644177
110355561
1267377518
488938397
1572766123
1829028085
802910280
599548269
978218261
1638293650
1938876809
694460298
1185919278
424064579
1428437233
990550487
543030984
738123901
472295247
2060053586
82624594
1412925538
1572280245
1081312063
661891669
1263163397
1289432556
2095810674
913712985
407925138
1290634406
733793475
1761314835
1690834072
943317718
44869017
456274231
1578669660
846883934
1890010659
396391203
1009563113
1773598339
427048136
874270814
683643024
1835819422
2043419218
1671627737
1788504354
1928889742
2098517414
843117648
1911127638
1160428998
719391538
39987694
955213378
